id_batch;loss;conv;dense;x
0;2.326012134552002;0.0;None;0
0;2.326012134552002;0.0;None;1
0;2.32489275932312;0.3333333333333333;None;2
0;2.323239326477051;0.5;None;3
0;2.323219060897827;0.5;1.0;4
0;2.322000026702881;0.6;1.0;5
0;2.322000026702881;0.6;0.5;6
0;2.322000026702881;0.6;0.3333333333333333;7
0;2.322000026702881;0.6;0.25;8
0;2.3219614028930664;0.6;0.4;9
0;2.3219614028930664;0.6;0.3333333333333333;10
0;2.3219614028930664;0.5;0.3333333333333333;11
0;2.3216426372528076;0.5;0.42857142857142855;12
0;2.3216426372528076;0.42857142857142855;0.42857142857142855;13
0;2.3213493824005127;0.5;0.42857142857142855;14
0;2.3207199573516846;0.5;0.5;15
0;2.3207199573516846;0.4444444444444444;0.5;16
0;2.3207199573516846;0.4444444444444444;0.4444444444444444;17
0;2.319539785385132;0.5;0.4444444444444444;18
0;2.319539785385132;0.45454545454545453;0.4444444444444444;19
0;2.318779468536377;0.5;0.4444444444444444;20
0;2.318779468536377;0.5;0.4;21
0;2.309446096420288;0.5384615384615384;0.4;22
0;2.3086159229278564;0.5714285714285714;0.4;23
0;2.3040919303894043;0.5714285714285714;0.45454545454545453;24
0;2.3028829097747803;0.6;0.45454545454545453;25
0;2.3028829097747803;0.5625;0.45454545454545453;26
0;2.3028290271759033;0.5882352941176471;0.45454545454545453;27
0;2.3027236461639404;0.6111111111111112;0.45454545454545453;28
0;2.3027236461639404;0.6111111111111112;0.4166666666666667;29
0;2.3027236461639404;0.6111111111111112;0.38461538461538464;30
0;2.3027236461639404;0.6111111111111112;0.35714285714285715;31
0;2.3020541667938232;0.631578947368421;0.35714285714285715;32
0;2.2998690605163574;0.65;0.35714285714285715;33
0;2.2996907234191895;0.65;0.4;34
0;2.2996907234191895;0.6190476190476191;0.4;35
0;2.2996907234191895;0.5909090909090909;0.4;36
0;2.2996907234191895;0.5652173913043478;0.4;37
0;2.2996907234191895;0.5652173913043478;0.375;38
0;2.2996678352355957;0.5833333333333334;0.375;39
0;2.2996678352355957;0.5833333333333334;0.35294117647058826;40
0;2.299633741378784;0.5833333333333334;0.3888888888888889;41
0;2.299633741378784;0.5833333333333334;0.3684210526315789;42
0;2.299633741378784;0.5833333333333334;0.35;43
0;2.299633741378784;0.5833333333333334;0.3333333333333333;44
0;2.294095754623413;0.5833333333333334;0.36363636363636365;45
0;2.2939343452453613;0.6;0.36363636363636365;46
0;2.2937490940093994;0.6;0.391304347826087;47
0;2.2937490940093994;0.6;0.375;48
0;2.2933690547943115;0.6153846153846154;0.375;49
0;2.2929775714874268;0.6296296296296297;0.375;50
0;2.2929775714874268;0.6071428571428571;0.375;51
0;2.2929775714874268;0.6071428571428571;0.36;52
0;2.2929775714874268;0.6071428571428571;0.34615384615384615;53
0;2.290882110595703;0.6071428571428571;0.37037037037037035;54
0;2.290882110595703;0.6071428571428571;0.35714285714285715;55
0;2.290882110595703;0.5862068965517241;0.35714285714285715;56
0;2.290882110595703;0.5666666666666667;0.35714285714285715;57
0;2.2908432483673096;0.5806451612903226;0.35714285714285715;58
0;2.2908432483673096;0.5625;0.35714285714285715;59
0;2.2895326614379883;0.5757575757575758;0.35714285714285715;60
0;2.2893991470336914;0.5757575757575758;0.3793103448275862;61
0;2.2893972396850586;0.5757575757575758;0.4;62
0;2.2893972396850586;0.5757575757575758;0.3870967741935484;63
0;2.2893972396850586;0.5757575757575758;0.375;64
0;2.2893972396850586;0.5757575757575758;0.36363636363636365;65
0;2.2826380729675293;0.5757575757575758;0.38235294117647056;66
0;2.28261661529541;0.5882352941176471;0.38235294117647056;67
0;2.281240940093994;0.6;0.38235294117647056;68
0;2.2810561656951904;0.6;0.4;69
0;2.2810561656951904;0.6;0.3888888888888889;70
0;2.2810561656951904;0.5833333333333334;0.3888888888888889;71
0;2.2810561656951904;0.5675675675675675;0.3888888888888889;72
0;2.2810561656951904;0.5526315789473685;0.3888888888888889;73
0;2.2810561656951904;0.5384615384615384;0.3888888888888889;74
0;2.2810561656951904;0.5384615384615384;0.3783783783783784;75
0;2.2808799743652344;0.55;0.3783783783783784;76
0;2.2808799743652344;0.5365853658536586;0.3783783783783784;77
0;2.2808799743652344;0.5238095238095238;0.3783783783783784;78
0;2.2808516025543213;0.5348837209302325;0.3783783783783784;79
0;2.2806344032287598;0.5348837209302325;0.39473684210526316;80
0;2.2806344032287598;0.5348837209302325;0.38461538461538464;81
0;2.2806344032287598;0.5227272727272727;0.38461538461538464;82
0;2.2802915573120117;0.5227272727272727;0.4;83
0;2.280219316482544;0.5333333333333333;0.4;84
0;2.2801833152770996;0.5333333333333333;0.4146341463414634;85
0;2.2801833152770996;0.5333333333333333;0.40476190476190477;86
0;2.2801833152770996;0.5333333333333333;0.3953488372093023;87
0;2.2801833152770996;0.5333333333333333;0.38636363636363635;88
0;2.2786388397216797;0.5333333333333333;0.4;89
0;2.2786388397216797;0.5217391304347826;0.4;90
0;2.2776148319244385;0.5217391304347826;0.41304347826086957;91
0;2.2776148319244385;0.5106382978723404;0.41304347826086957;92
0;2.2776148319244385;0.5;0.41304347826086957;93
0;2.2776148319244385;0.5;0.40425531914893614;94
0;2.2776148319244385;0.5;0.3958333333333333;95
0;2.2776148319244385;0.4897959183673469;0.3958333333333333;96
0;2.2776148319244385;0.48;0.3958333333333333;97
0;2.2767043113708496;0.48;0.40816326530612246;98
0;2.2762598991394043;0.48;0.42;99
0;2.2762598991394043;0.47058823529411764;0.42;100
0;2.2755613327026367;0.47058823529411764;0.43137254901960786;101
0;2.2755613327026367;0.46153846153846156;0.43137254901960786;102
0;2.275197744369507;0.46153846153846156;0.4423076923076923;103
0;2.275050640106201;0.46153846153846156;0.4528301886792453;104
0;2.2749922275543213;0.46153846153846156;0.46296296296296297;105
0;2.2749922275543213;0.4528301886792453;0.46296296296296297;106
0;2.2749531269073486;0.46296296296296297;0.46296296296296297;107
0;2.2749531269073486;0.45454545454545453;0.46296296296296297;108
0;2.2749531269073486;0.45454545454545453;0.45454545454545453;109
0;2.2749531269073486;0.45454545454545453;0.44642857142857145;110
0;2.2745473384857178;0.45454545454545453;0.45614035087719296;111
0;2.2735800743103027;0.45454545454545453;0.46551724137931033;112
0;2.2735800743103027;0.44642857142857145;0.46551724137931033;113
0;2.2541868686676025;0.45614035087719296;0.46551724137931033;114
0;2.2541868686676025;0.4482758620689655;0.46551724137931033;115
0;2.253854274749756;0.4576271186440678;0.46551724137931033;116
0;2.253410816192627;0.4666666666666667;0.46551724137931033;117
0;2.2533857822418213;0.47540983606557374;0.46551724137931033;118
0;2.2512543201446533;0.4838709677419355;0.46551724137931033;119
0;2.2507147789001465;0.4838709677419355;0.4745762711864407;120
0;2.2507147789001465;0.4838709677419355;0.4666666666666667;121
0;2.2507147789001465;0.47619047619047616;0.4666666666666667;122
0;2.2507147789001465;0.47619047619047616;0.45901639344262296;123
0;2.2507147789001465;0.47619047619047616;0.45161290322580644;124
0;2.2507147789001465;0.47619047619047616;0.4444444444444444;125
0;2.2507147789001465;0.47619047619047616;0.4375;126
0;2.248533248901367;0.47619047619047616;0.4461538461538462;127
0;2.248533248901367;0.47619047619047616;0.4393939393939394;128
0;2.248533248901367;0.46875;0.4393939393939394;129
0;2.246647834777832;0.47692307692307695;0.4393939393939394;130
0;2.246647834777832;0.4696969696969697;0.4393939393939394;131
0;2.246647834777832;0.4626865671641791;0.4393939393939394;132
0;2.246647834777832;0.45588235294117646;0.4393939393939394;133
0;2.246647834777832;0.45588235294117646;0.43283582089552236;134
0;2.246497869491577;0.463768115942029;0.43283582089552236;135
0;2.246497869491577;0.45714285714285713;0.43283582089552236;136
0;2.2434885501861572;0.45714285714285713;0.4411764705882353;137
0;2.2434885501861572;0.4507042253521127;0.4411764705882353;138
0;2.2434885501861572;0.4507042253521127;0.43478260869565216;139
0;2.2416977882385254;0.4583333333333333;0.43478260869565216;140
0;2.2416977882385254;0.4583333333333333;0.42857142857142855;141
0;2.2416977882385254;0.4520547945205479;0.42857142857142855;142
0;2.2411046028137207;0.4520547945205479;0.43661971830985913;143
0;2.2410900592803955;0.4594594594594595;0.43661971830985913;144
0;2.2410900592803955;0.4533333333333333;0.43661971830985913;145
0;2.2410900592803955;0.4473684210526316;0.43661971830985913;146
0;2.2401621341705322;0.4473684210526316;0.4444444444444444;147
0;2.239999294281006;0.45454545454545453;0.4444444444444444;148
0;2.239999294281006;0.45454545454545453;0.4383561643835616;149
0;2.239999294281006;0.44871794871794873;0.4383561643835616;150
0;2.239999294281006;0.4430379746835443;0.4383561643835616;151
0;2.237947463989258;0.4430379746835443;0.44594594594594594;152
0;2.237947463989258;0.4430379746835443;0.44;153
0;2.237947463989258;0.4375;0.44;154
0;2.2371742725372314;0.4375;0.4473684210526316;155
0;2.2370951175689697;0.4375;0.45454545454545453;156
0;2.2370951175689697;0.4375;0.44871794871794873;157
0;2.2357375621795654;0.4375;0.45569620253164556;158
0;2.235367774963379;0.4375;0.4625;159
0;2.235367774963379;0.43209876543209874;0.4625;160
0;2.2349469661712646;0.43209876543209874;0.4691358024691358;161
0;2.2349469661712646;0.43209876543209874;0.4634146341463415;162
0;2.234705686569214;0.43209876543209874;0.46987951807228917;163
0;2.234508752822876;0.43209876543209874;0.47619047619047616;164
0;2.234440565109253;0.43209876543209874;0.4823529411764706;165
0;2.234440565109253;0.43209876543209874;0.47674418604651164;166
0;2.234440565109253;0.43209876543209874;0.47126436781609193;167
0;2.234107255935669;0.43209876543209874;0.4772727272727273;168
0;2.2323567867279053;0.43209876543209874;0.48314606741573035;169
0;2.2316415309906006;0.43209876543209874;0.4888888888888889;170
0;2.231566905975342;0.43209876543209874;0.4945054945054945;171
0;2.231566905975342;0.4268292682926829;0.4945054945054945;172
0;2.231566905975342;0.42168674698795183;0.4945054945054945;173
0;2.231340169906616;0.42168674698795183;0.5;174
0;2.2312309741973877;0.42168674698795183;0.5053763440860215;175
0;2.2312309741973877;0.42168674698795183;0.5;176
0;2.230958938598633;0.42857142857142855;0.5;177
0;2.230956792831421;0.43529411764705883;0.5;178
0;2.230938196182251;0.4418604651162791;0.5;179
0;2.230938196182251;0.4367816091954023;0.5;180
0;2.2305116653442383;0.4431818181818182;0.5;181
0;2.2303273677825928;0.449438202247191;0.5;182
0;2.2303273677825928;0.449438202247191;0.49473684210526314;183
0;2.2303273677825928;0.4444444444444444;0.49473684210526314;184
0;2.230091094970703;0.45054945054945056;0.49473684210526314;185
0;2.230091094970703;0.45054945054945056;0.4895833333333333;186
0;2.230091094970703;0.44565217391304346;0.4895833333333333;187
0;2.230091094970703;0.44565217391304346;0.4845360824742268;188
0;2.230091094970703;0.44565217391304346;0.47959183673469385;189
0;2.230091094970703;0.44086021505376344;0.47959183673469385;190
0;2.230091094970703;0.44086021505376344;0.47474747474747475;191
0;2.2300150394439697;0.44680851063829785;0.47474747474747475;192
0;2.2290849685668945;0.44680851063829785;0.48;193
0;2.2290003299713135;0.45263157894736844;0.48;194
0;2.2290003299713135;0.4479166666666667;0.48;195
0;2.2288310527801514;0.4479166666666667;0.48514851485148514;196
0;2.2286858558654785;0.4536082474226804;0.48514851485148514;197
0;2.2286858558654785;0.4536082474226804;0.4803921568627451;198
0;2.2286858558654785;0.4489795918367347;0.4803921568627451;199
1;2.24189829826355;None;1.0;0
1;2.24189829826355;0.0;1.0;1
1;2.241809129714966;0.0;1.0;2
1;2.241809129714966;0.0;0.6666666666666666;3
1;2.241809129714966;0.0;0.6666666666666666;4
1;2.24056339263916;0.0;0.75;5
1;2.2400083541870117;0.0;0.8;6
1;2.2400083541870117;0.0;0.8;7
1;2.2400083541870117;0.0;0.6666666666666666;8
1;2.2400083541870117;0.0;0.6666666666666666;9
1;2.2400083541870117;0.0;0.5714285714285714;10
1;2.2400083541870117;0.0;0.5714285714285714;11
1;2.235297918319702;0.16666666666666666;0.5714285714285714;12
1;2.2229573726654053;0.16666666666666666;0.625;13
1;2.2178990840911865;0.2857142857142857;0.625;14
1;2.2178990840911865;0.25;0.625;15
1;2.2178990840911865;0.2222222222222222;0.625;16
1;2.2178990840911865;0.2;0.625;17
1;2.2173259258270264;0.2;0.6666666666666666;18
1;2.2173259258270264;0.18181818181818182;0.6666666666666666;19
1;2.2173259258270264;0.18181818181818182;0.6;20
1;2.2172417640686035;0.18181818181818182;0.6363636363636364;21
1;2.216928720474243;0.25;0.6363636363636364;22
1;2.216928720474243;0.23076923076923078;0.6363636363636364;23
1;2.216928720474243;0.21428571428571427;0.6363636363636364;24
1;2.216928720474243;0.21428571428571427;0.5833333333333334;25
1;2.216928720474243;0.2;0.5833333333333334;26
1;2.216738700866699;0.25;0.5833333333333334;27
1;2.216738700866699;0.23529411764705882;0.5833333333333334;28
1;2.216738700866699;0.2222222222222222;0.5833333333333334;29
1;2.216465950012207;0.2631578947368421;0.5833333333333334;30
1;2.216465950012207;0.2631578947368421;0.5384615384615384;31
1;2.2163562774658203;0.2631578947368421;0.5714285714285714;32
1;2.215907335281372;0.3;0.5714285714285714;33
1;2.215907335281372;0.3;0.5333333333333333;34
1;2.21591854095459;0.3333333333333333;0.5333333333333333;35
1;2.215153932571411;0.3333333333333333;0.5625;36
1;2.215153932571411;0.3333333333333333;0.5294117647058824;37
1;2.215153932571411;0.3181818181818182;0.5294117647058824;38
1;2.215153932571411;0.3181818181818182;0.5;39
1;2.215153932571411;0.3181818181818182;0.47368421052631576;40
1;2.215153932571411;0.30434782608695654;0.47368421052631576;41
1;2.215153932571411;0.30434782608695654;0.45;42
1;2.2150840759277344;0.30434782608695654;0.47619047619047616;43
1;2.2150816917419434;0.3333333333333333;0.47619047619047616;44
1;2.2150816917419434;0.32;0.47619047619047616;45
1;2.2150816917419434;0.3076923076923077;0.47619047619047616;46
1;2.214726209640503;0.3076923076923077;0.5;47
1;2.214726209640503;0.2962962962962963;0.5;48
1;2.214726209640503;0.2857142857142857;0.5;49
1;2.214726209640503;0.2857142857142857;0.4782608695652174;50
1;2.2147302627563477;0.3103448275862069;0.4782608695652174;51
1;2.2147302627563477;0.3;0.4782608695652174;52
1;2.2147302627563477;0.2903225806451613;0.4782608695652174;53
1;2.2147302627563477;0.28125;0.4782608695652174;54
1;2.2145919799804688;0.30303030303030304;0.4782608695652174;55
1;2.2145919799804688;0.30303030303030304;0.4583333333333333;56
1;2.2139956951141357;0.3235294117647059;0.4583333333333333;57
1;2.2139956951141357;0.3142857142857143;0.4583333333333333;58
1;2.2139956951141357;0.3142857142857143;0.44;59
1;2.2139956951141357;0.3142857142857143;0.4230769230769231;60
1;2.2139956951141357;0.3142857142857143;0.4074074074074074;61
1;2.2139956951141357;0.3055555555555556;0.4074074074074074;62
1;2.213554859161377;0.3055555555555556;0.42857142857142855;63
1;2.213554859161377;0.3055555555555556;0.41379310344827586;64
1;2.2122228145599365;0.32432432432432434;0.41379310344827586;65
1;2.2122228145599365;0.32432432432432434;0.4;66
1;2.2122228145599365;0.3157894736842105;0.4;67
1;2.2122228145599365;0.3157894736842105;0.3870967741935484;68
1;2.2122228145599365;0.3157894736842105;0.375;69
1;2.2122228145599365;0.3076923076923077;0.375;70
1;2.211927652359009;0.325;0.375;71
1;2.211886167526245;0.34146341463414637;0.375;72
1;2.211881637573242;0.35714285714285715;0.375;73
1;2.2113568782806396;0.35714285714285715;0.3939393939393939;74
1;2.2113568782806396;0.35714285714285715;0.38235294117647056;75
1;2.2106857299804688;0.37209302325581395;0.38235294117647056;76
1;2.2106857299804688;0.36363636363636365;0.38235294117647056;77
1;2.2106857299804688;0.36363636363636365;0.37142857142857144;78
1;2.2106857299804688;0.35555555555555557;0.37142857142857144;79
1;2.2106857299804688;0.34782608695652173;0.37142857142857144;80
1;2.2106857299804688;0.34782608695652173;0.3611111111111111;81
1;2.2106857299804688;0.34782608695652173;0.35135135135135137;82
1;2.20977520942688;0.34782608695652173;0.3684210526315789;83
1;2.2055444717407227;0.3617021276595745;0.3684210526315789;84
1;2.203918695449829;0.375;0.3684210526315789;85
1;2.203918695449829;0.3673469387755102;0.3684210526315789;86
1;2.203918695449829;0.36;0.3684210526315789;87
1;2.203918695449829;0.35294117647058826;0.3684210526315789;88
1;2.2018909454345703;0.36538461538461536;0.3684210526315789;89
1;2.2018909454345703;0.3584905660377358;0.3684210526315789;90
1;2.1996755599975586;0.3584905660377358;0.38461538461538464;91
1;2.1996755599975586;0.35185185185185186;0.38461538461538464;92
1;2.1996755599975586;0.34545454545454546;0.38461538461538464;93
1;2.1996755599975586;0.3392857142857143;0.38461538461538464;94
1;2.1996755599975586;0.3333333333333333;0.38461538461538464;95
1;2.1996755599975586;0.3333333333333333;0.375;96
1;2.1996755599975586;0.3333333333333333;0.36585365853658536;97
1;2.1996755599975586;0.3275862068965517;0.36585365853658536;98
1;2.198294162750244;0.3389830508474576;0.36585365853658536;99
1;2.198294162750244;0.3333333333333333;0.36585365853658536;100
1;2.198294162750244;0.32786885245901637;0.36585365853658536;101
1;2.198256254196167;0.3387096774193548;0.36585365853658536;102
1;2.198256254196167;0.3333333333333333;0.36585365853658536;103
1;2.198256254196167;0.328125;0.36585365853658536;104
1;2.198256254196167;0.328125;0.35714285714285715;105
1;2.198256254196167;0.328125;0.3488372093023256;106
1;2.198256254196167;0.328125;0.3409090909090909;107
1;2.198256254196167;0.3230769230769231;0.3409090909090909;108
1;2.1969704627990723;0.3230769230769231;0.35555555555555557;109
1;2.1965279579162598;0.3230769230769231;0.3695652173913043;110
1;2.1965279579162598;0.3230769230769231;0.3617021276595745;111
1;2.1954030990600586;0.3230769230769231;0.375;112
1;2.1952505111694336;0.3333333333333333;0.375;113
1;2.19472074508667;0.3333333333333333;0.3877551020408163;114
1;2.19472074508667;0.3333333333333333;0.38;115
1;2.19472074508667;0.3283582089552239;0.38;116
1;2.19472074508667;0.3283582089552239;0.37254901960784315;117
1;2.19472074508667;0.3283582089552239;0.36538461538461536;118
1;2.19472074508667;0.3283582089552239;0.3584905660377358;119
1;2.19472074508667;0.3235294117647059;0.3584905660377358;120
1;2.19472074508667;0.3188405797101449;0.3584905660377358;121
1;2.1945672035217285;0.32857142857142857;0.3584905660377358;122
1;2.1945672035217285;0.323943661971831;0.3584905660377358;123
1;2.1945672035217285;0.3194444444444444;0.3584905660377358;124
1;2.194425582885742;0.3194444444444444;0.37037037037037035;125
1;2.1943767070770264;0.3287671232876712;0.37037037037037035;126
1;2.194150924682617;0.33783783783783783;0.37037037037037035;127
1;2.190974235534668;0.33783783783783783;0.38181818181818183;128
1;2.190974235534668;0.33783783783783783;0.375;129
1;2.190753936767578;0.33783783783783783;0.38596491228070173;130
1;2.1907055377960205;0.3466666666666667;0.38596491228070173;131
1;2.1874032020568848;0.3466666666666667;0.39655172413793105;132
1;2.1874032020568848;0.3466666666666667;0.3898305084745763;133
1;2.1874032020568848;0.3466666666666667;0.38333333333333336;134
1;2.1874032020568848;0.34210526315789475;0.38333333333333336;135
1;2.1874032020568848;0.34210526315789475;0.3770491803278688;136
1;2.186652183532715;0.35064935064935066;0.3770491803278688;137
1;2.186652183532715;0.35064935064935066;0.3709677419354839;138
1;2.186387538909912;0.35064935064935066;0.38095238095238093;139
1;2.186307191848755;0.35064935064935066;0.390625;140
1;2.186307191848755;0.34615384615384615;0.390625;141
1;2.186307191848755;0.34177215189873417;0.390625;142
1;2.1860480308532715;0.35;0.390625;143
1;2.1858227252960205;0.35;0.4;144
1;2.180734634399414;0.35802469135802467;0.4;145
1;2.1802825927734375;0.35802469135802467;0.4090909090909091;146
1;2.1802825927734375;0.35802469135802467;0.40298507462686567;147
1;2.1802825927734375;0.35365853658536583;0.40298507462686567;148
1;2.1802825927734375;0.3493975903614458;0.40298507462686567;149
1;2.1802825927734375;0.34523809523809523;0.40298507462686567;150
1;2.180278778076172;0.35294117647058826;0.40298507462686567;151
1;2.180278778076172;0.3488372093023256;0.40298507462686567;152
1;2.180278778076172;0.3488372093023256;0.39705882352941174;153
1;2.180278778076172;0.3488372093023256;0.391304347826087;154
1;2.179581880569458;0.3563218390804598;0.391304347826087;155
1;2.1761841773986816;0.3563218390804598;0.4;156
1;2.1757943630218506;0.3563218390804598;0.4084507042253521;157
1;2.1757943630218506;0.3522727272727273;0.4084507042253521;158
1;2.1752474308013916;0.3595505617977528;0.4084507042253521;159
1;2.1752474308013916;0.35555555555555557;0.4084507042253521;160
1;2.1752474308013916;0.3516483516483517;0.4084507042253521;161
1;2.1752474308013916;0.34782608695652173;0.4084507042253521;162
1;2.175253391265869;0.3548387096774194;0.4084507042253521;163
1;2.175253391265869;0.35106382978723405;0.4084507042253521;164
1;2.175253391265869;0.3473684210526316;0.4084507042253521;165
1;2.1749086380004883;0.3541666666666667;0.4084507042253521;166
1;2.1749002933502197;0.36082474226804123;0.4084507042253521;167
1;2.173032522201538;0.36082474226804123;0.4166666666666667;168
1;2.173032522201538;0.36082474226804123;0.410958904109589;169
1;2.171759605407715;0.36082474226804123;0.4189189189189189;170
1;2.171759605407715;0.36082474226804123;0.41333333333333333;171
1;2.171759605407715;0.35714285714285715;0.41333333333333333;172
1;2.171759605407715;0.35353535353535354;0.41333333333333333;173
1;2.171759605407715;0.35353535353535354;0.40789473684210525;174
1;2.1714746952056885;0.36;0.40789473684210525;175
1;2.1714746952056885;0.3564356435643564;0.40789473684210525;176
1;2.17138409614563;0.3627450980392157;0.40789473684210525;177
1;2.17138409614563;0.3627450980392157;0.4025974025974026;178
1;2.17138409614563;0.3592233009708738;0.4025974025974026;179
1;2.170332908630371;0.36538461538461536;0.4025974025974026;180
1;2.1701040267944336;0.37142857142857144;0.4025974025974026;181
1;2.1701040267944336;0.37142857142857144;0.3974358974358974;182
1;2.1694605350494385;0.37142857142857144;0.4050632911392405;183
1;2.1693689823150635;0.37735849056603776;0.4050632911392405;184
1;2.1684789657592773;0.37735849056603776;0.4125;185
1;2.1684789657592773;0.37383177570093457;0.4125;186
1;2.1684789657592773;0.37037037037037035;0.4125;187
1;2.1684789657592773;0.37037037037037035;0.4074074074074074;188
1;2.1684365272521973;0.3761467889908257;0.4074074074074074;189
1;2.1684365272521973;0.3761467889908257;0.4024390243902439;190
1;2.1683900356292725;0.38181818181818183;0.4024390243902439;191
1;2.1683900356292725;0.38181818181818183;0.39759036144578314;192
1;2.1683900356292725;0.38181818181818183;0.39285714285714285;193
1;2.1683900356292725;0.38181818181818183;0.38823529411764707;194
1;2.1683900356292725;0.38181818181818183;0.38372093023255816;195
1;2.1683900356292725;0.38181818181818183;0.3793103448275862;196
1;2.1683900356292725;0.3783783783783784;0.3793103448275862;197
1;2.1683900356292725;0.375;0.3793103448275862;198
1;2.168219566345215;0.3805309734513274;0.3793103448275862;199
