id_batch;loss;conv;dense;x
26;2.303330659866333;None;1.0;0
29;2.304516315460205;0.0;None;1
29;2.304516315460205;0.0;0.0;2
29;2.304516315460205;0.0;0.0;3
29;2.303708553314209;0.0;0.5;4
44;2.2976956367492676;0.0;None;5
44;2.2967848777770996;0.0;1.0;6
48;2.3050241470336914;None;0.0;7
48;2.3050241470336914;None;0.0;8
48;2.3045566082000732;None;0.3333333333333333;9
67;2.3070058822631836;0.0;None;10
67;2.3070058822631836;0.0;0.0;11
67;2.3070058822631836;0.0;0.0;12
67;2.306939125061035;0.0;0.3333333333333333;13
81;2.2800018787384033;None;0.0;14
81;2.2800018787384033;None;0.0;15
81;2.2800018787384033;0.0;0.0;16
81;2.2800018787384033;0.0;0.0;17
81;2.2800018787384033;0.0;0.0;18
81;2.2800018787384033;0.0;0.0;19
81;2.2800018787384033;0.0;0.0;20
81;2.2800018787384033;0.0;0.0;21
81;2.279162645339966;0.0;0.14285714285714285;22
85;2.3224594593048096;None;1.0;23
96;2.3082966804504395;None;1.0;24
103;2.331503391265869;None;0.0;25
103;2.331503391265869;0.0;0.0;26
103;2.331503391265869;0.0;0.0;27
103;2.331503391265869;0.0;0.0;28
103;2.331503391265869;0.0;0.0;29
103;2.3310747146606445;0.0;0.25;30
123;2.3269753456115723;None;0.0;31
123;2.3269753456115723;0.0;0.0;32
123;2.324293851852417;0.5;0.0;33
127;2.3170900344848633;0.0;None;34
127;2.3170900344848633;0.0;None;35
127;2.3170900344848633;0.0;0.0;36
127;2.3170900344848633;0.0;0.0;37
127;2.3170900344848633;0.0;0.0;38
127;2.3144314289093018;0.2;0.0;39
128;2.3180108070373535;1.0;None;40
134;2.291428804397583;None;1.0;41
156;2.3214147090911865;0.0;None;42
156;2.3214147090911865;0.0;None;43
156;2.3199093341827393;0.0;1.0;44
180;2.3056228160858154;0.0;None;45
180;2.3056228160858154;0.0;0.0;46
180;2.3056228160858154;0.0;0.0;47
180;2.305110454559326;0.0;0.3333333333333333;48
192;2.3076746463775635;0.0;None;49
192;2.3076746463775635;0.0;0.0;50
192;2.3076746463775635;0.0;0.0;51
192;2.301499366760254;0.3333333333333333;0.0;52
207;2.291287899017334;1.0;None;53
237;2.3250162601470947;1.0;None;54
248;2.3871490955352783;0.0;None;55
248;2.3770713806152344;0.5;None;56
263;2.308004856109619;0.0;None;57
263;2.308004856109619;0.0;None;58
263;2.308004856109619;0.0;None;59
263;2.308004856109619;0.0;0.0;60
263;2.308004856109619;0.0;0.0;61
263;2.308004856109619;0.0;0.0;62
263;2.295137405395508;0.16666666666666666;0.0;63
268;2.44854474067688;None;0.0;64
268;2.44854474067688;0.0;0.0;65
268;2.4399375915527344;0.0;0.5;66
273;2.3891773223876953;0.0;None;67
273;2.3891773223876953;0.0;None;68
273;2.3800718784332275;0.3333333333333333;None;69
276;2.3452701568603516;0.0;None;70
276;2.3452701568603516;0.0;None;71
276;2.3390254974365234;0.3333333333333333;None;72
292;2.4145679473876953;0.0;None;73
292;2.4145679473876953;0.0;None;74
292;2.4145679473876953;0.0;0.0;75
292;2.4145679473876953;0.0;0.0;76
292;2.412872552871704;0.25;0.0;77
294;2.468471050262451;None;1.0;78
298;2.5702412128448486;0.0;None;79
298;2.5702412128448486;0.0;0.0;80
298;2.5702412128448486;0.0;0.0;81
298;2.5649678707122803;0.5;0.0;82
305;2.4241445064544678;1.0;None;83
306;2.4015450477600098;None;0.0;84
306;2.4015450477600098;0.0;0.0;85
306;2.399679183959961;0.0;0.5;86
320;2.447671413421631;0.0;None;87
320;2.447671413421631;0.0;None;88
