lecture;envoie
19.567538261413574;21.438619136810303
59.415977001190186;68.59348273277283
9.793768882751465;16.697934865951538
44.49733209609985;50.9337203502655
29.9417564868927;35.66449499130249
4.6348817348480225;10.132920503616333
35.12782645225525;40.01954936981201
32.61195993423462;37.106468200683594
15.351871967315674;19.548665761947632
7.636715888977051;11.678646802902222
12.179708242416382;20.304482221603394
19.580905199050903;27.163849115371704
42.80073380470276;49.83464741706848
83.25560402870178;89.81791353225708
3.78619647026062;9.915820837020874
36.61782765388489;42.90402913093567
87.67101836204529;92.99329805374146
58.348313331604004;63.39767265319824
14.017471075057983;18.764914512634277
6.3231518268585205;10.843396663665771
13.926428318023682;18.15297269821167
3.0863609313964844;7.052488803863525
34.410083293914795;38.1424674987793
4.930874347686768;13.091159343719482
5.4386608600616455;13.603253364562988
17.81533145904541;24.885918617248535
12.68459963798523;19.34054160118103
53.48975610733032;59.90125250816345
18.293063640594482;24.325770139694214
