id_batch;loss;conv;dense;x
4;2.2967262268066406;None;0.0;0
4;2.2967262268066406;0.0;0.0;1
4;2.2967262268066406;0.0;0.0;2
4;2.2967262268066406;0.0;0.0;3
4;2.2967262268066406;0.0;0.0;4
4;2.296294927597046;0.0;0.25;5
13;2.2994184494018555;0.0;None;6
13;2.2994184494018555;0.0;None;7
13;2.299194574356079;0.0;1.0;8
22;2.297694683074951;0.0;None;9
22;2.297694683074951;0.0;None;10
22;2.297694683074951;0.0;None;11
22;2.297694683074951;0.0;None;12
22;2.297694683074951;0.0;0.0;13
25;2.2986228466033936;None;1.0;14
26;2.291670560836792;1.0;None;15
28;2.3128952980041504;0.0;None;16
28;2.3128952980041504;0.0;None;17
28;2.312384605407715;0.0;1.0;18
29;2.3088550567626953;1.0;None;19
30;2.32666277885437;None;0.0;20
30;2.32666277885437;None;0.0;21
30;2.32666277885437;0.0;0.0;22
30;2.3262696266174316;0.0;0.3333333333333333;23
31;2.288069248199463;None;1.0;24
43;2.2921841144561768;0.0;None;25
43;2.2921841144561768;0.0;0.0;26
43;2.2919540405273438;0.0;0.5;27
44;2.3083202838897705;1.0;None;28
48;2.3041789531707764;0.0;None;29
48;2.3041789531707764;0.0;None;30
48;2.3033058643341064;0.3333333333333333;None;31
51;2.3160462379455566;None;1.0;32
67;2.3025708198547363;1.0;None;33
76;2.321892499923706;0.0;None;34
76;2.321892499923706;0.0;None;35
76;2.3214993476867676;0.0;1.0;36
79;2.315716028213501;None;1.0;37
81;2.2441275119781494;0.0;None;38
81;2.2441275119781494;0.0;0.0;39
81;2.2441275119781494;0.0;0.0;40
81;2.2441275119781494;0.0;0.0;41
81;2.2257254123687744;0.3333333333333333;0.0;42
85;2.3401577472686768;0.0;None;43
85;2.3401577472686768;0.0;0.0;44
85;2.3209710121154785;0.5;0.0;45
86;2.3680553436279297;None;1.0;46
92;2.275754451751709;0.0;None;47
92;2.275754451751709;0.0;0.0;48
92;2.275754451751709;0.0;0.0;49
92;2.275754451751709;0.0;0.0;50
92;2.2752933502197266;0.0;0.5;51
96;2.327063798904419;1.0;None;52
101;2.364309549331665;0.0;None;53
101;2.3627727031707764;0.0;1.0;54
103;2.3123137950897217;0.0;None;55
103;2.3123137950897217;0.0;None;56
103;2.3053078651428223;0.3333333333333333;None;57
120;2.3311195373535156;None;1.0;58
123;2.3444559574127197;1.0;None;59
127;2.3094422817230225;0.0;None;60
127;2.3094422817230225;0.0;0.0;61
127;2.3075528144836426;0.5;0.0;62
128;2.3294336795806885;1.0;None;63
134;2.365741491317749;1.0;None;64
142;2.336153507232666;None;1.0;65
145;2.3866310119628906;0.0;None;66
145;2.386420726776123;0.0;1.0;67
151;2.362596035003662;0.0;None;68
151;2.339459180831909;0.0;1.0;69
154;2.3302502632141113;None;0.0;70
154;2.3278305530548096;None;0.5;71
156;2.4256505966186523;None;0.0;72
156;2.4250612258911133;1.0;0.0;73
158;2.3470118045806885;0.0;None;74
158;2.346691608428955;0.0;1.0;75
177;2.386543035507202;None;0.0;76
177;2.3857476711273193;None;0.5;77
180;2.3041036128997803;1.0;None;78
192;2.3032054901123047;0.0;None;79
192;2.3032054901123047;0.0;0.0;80
192;2.3016316890716553;0.5;0.0;81
193;2.412717580795288;None;1.0;82
200;2.2985827922821045;0.0;None;83
200;2.2985827922821045;0.0;0.0;84
200;2.298490047454834;0.0;0.5;85
201;2.3998348712921143;0.0;None;86
201;2.3998348712921143;0.0;None;87
201;2.3998348712921143;0.0;None;88
201;2.3998348712921143;0.0;0.0;89
201;2.3998024463653564;0.0;0.5;90
207;2.3374457359313965;0.0;None;91
207;2.3374457359313965;0.0;0.0;92
207;2.3374457359313965;0.0;0.0;93
207;2.330481767654419;0.5;0.0;94
208;2.451237201690674;None;0.0;95
208;2.448716878890991;None;0.5;96
213;2.387456178665161;None;0.0;97
213;2.387456178665161;0.0;0.0;98
213;2.385986328125;0.0;0.5;99
227;2.538302421569824;0.0;None;100
227;2.537243127822876;0.0;1.0;101
229;2.4126553535461426;None;0.0;102
229;2.4126553535461426;0.0;0.0;103
229;2.4126553535461426;0.0;0.0;104
229;2.4126553535461426;0.0;0.0;105
229;2.4112706184387207;0.0;0.25;106
235;2.449338436126709;None;1.0;107
237;2.301189422607422;1.0;None;108
241;2.5642755031585693;0.0;None;109
241;2.5642755031585693;0.0;0.0;110
241;2.562424421310425;0.0;0.5;111
245;2.390305995941162;None;1.0;112
248;2.4667177200317383;None;0.0;113
248;2.4667177200317383;None;0.0;114
248;2.4667177200317383;None;0.0;115
248;2.465388298034668;1.0;0.0;116
263;2.461188316345215;1.0;None;117
268;2.442371368408203;None;0.0;118
268;2.442371368408203;None;0.0;119
268;2.442371368408203;None;0.0;120
268;2.4098050594329834;1.0;0.0;121
269;2.4824583530426025;0.0;None;122
269;2.4824583530426025;0.0;0.0;123
269;2.4824583530426025;0.0;0.0;124
269;2.4776525497436523;0.0;0.5;125
272;2.3457815647125244;None;1.0;126
273;2.5914883613586426;None;0.0;127
273;2.5914883613586426;0.0;0.0;128
273;2.5914883613586426;0.0;0.0;129
273;2.590285539627075;0.3333333333333333;0.0;130
276;2.570385694503784;0.0;None;131
276;2.570385694503784;0.0;0.0;132
276;2.5681514739990234;0.5;0.0;133
286;2.5666918754577637;0.0;None;134
286;2.5666918754577637;0.0;0.0;135
286;2.5666918754577637;0.0;0.0;136
286;2.5666918754577637;0.0;0.0;137
286;2.5666918754577637;0.0;0.0;138
286;2.5666918754577637;0.0;0.0;139
286;2.5666918754577637;0.0;0.0;140
286;2.5666918754577637;0.0;0.0;141
286;2.5627450942993164;0.0;0.16666666666666666;142
288;2.4381303787231445;0.0;None;143
288;2.4379189014434814;0.0;1.0;144
292;2.4917280673980713;None;0.0;145
292;2.4917280673980713;None;0.0;146
292;2.4917280673980713;None;0.0;147
292;2.4917280673980713;0.0;0.0;148
292;2.4917280673980713;0.0;0.0;149
292;2.481649875640869;0.3333333333333333;0.0;150
294;2.4894521236419678;1.0;None;151
298;2.4505250453948975;1.0;None;152
304;2.4581024646759033;0.0;None;153
304;2.4581024646759033;0.0;None;154
304;2.4581024646759033;0.0;None;155
304;2.456272602081299;0.0;1.0;156
305;2.430121660232544;0.0;None;157
305;2.430121660232544;0.0;None;158
305;2.430121660232544;0.0;0.0;159
305;2.430121660232544;0.0;0.0;160
305;2.430121660232544;0.0;0.0;161
305;2.430121660232544;0.0;0.0;162
305;2.419086456298828;0.25;0.0;163
306;2.4583938121795654;1.0;None;164
312;2.5925512313842773;None;0.0;165
312;2.59061598777771;None;0.5;166
316;2.5555825233459473;None;0.0;167
316;2.5555825233459473;0.0;0.0;168
316;2.5555825233459473;0.0;0.0;169
316;2.5555825233459473;0.0;0.0;170
316;2.5555825233459473;0.0;0.0;171
316;2.5555825233459473;0.0;0.0;172
316;2.5555825233459473;0.0;0.0;173
316;2.5555825233459473;0.0;0.0;174
316;2.5555825233459473;0.0;0.0;175
316;2.5555825233459473;0.0;0.0;176
316;2.5555825233459473;0.0;0.0;177
316;2.5555825233459473;0.0;0.0;178
316;2.5555825233459473;0.0;0.0;179
316;2.5555825233459473;0.0;0.0;180
316;2.5555825233459473;0.0;0.0;181
316;2.5555825233459473;0.0;0.0;182
316;2.5555825233459473;0.0;0.0;183
316;2.5555825233459473;0.0;0.0;184
316;2.5555825233459473;0.0;0.0;185
316;2.5542845726013184;0.0;0.1;186
320;2.5232439041137695;1.0;None;187
338;2.4666430950164795;None;1.0;188
339;2.522397041320801;None;0.0;189
339;2.496230363845825;1.0;0.0;190
