lecture;envoie
42.01081466674805;43.68826699256897
16.529847860336304;33.67202186584473
10.552084684371948;17.03871512413025
3.905766487121582;9.820771932601929
4.215733528137207;10.483943939208984
3.182889461517334;8.001424789428711
7.552340507507324;13.328730821609497
3.2025394439697266;6.949355125427246
41.900063037872314;45.288777589797974
4.352880239486694;11.859454870223999
8.232788801193237;18.462013244628906
9.201900243759155;15.395762205123901
17.3107328414917;23.185965299606323
27.89728546142578;33.47890758514404
7.472087383270264;12.365063905715942
8.773598194122314;13.277174711227417
9.142847061157227;13.195520877838135
6.7200822830200195;10.390664100646973
24.84677505493164;28.27144742012024
4.0897746086120605;11.369160413742065
4.330578327178955;12.771372318267822
3.961824893951416;13.479932308197021
26.265612840652466;36.57432842254639
7.9780426025390625;13.427823305130005
7.5964195728302;12.531486511230469
3.0421204566955566;7.524398326873779
13.35753059387207;18.028968811035156
20.687434434890747;24.57566475868225
11.938119888305664;15.494294881820679
4.191002368927002;11.667595863342285
4.66239595413208;13.166306972503662
12.143247842788696;18.569219827651978
3.8582801818847656;9.742560148239136
44.608389377593994;50.136833906173706
17.46843385696411;22.552345991134644
19.507453203201294;24.188741445541382
2.9175639152526855;7.368051767349243
12.021146059036255;17.32197380065918
5.151137590408325;8.867019176483154
11.248322010040283;14.521133184432983
4.701178073883057;11.98770785331726
13.622116088867188;21.950361251831055
30.45988154411316;36.90233111381531
3.5440714359283447;9.64418649673462
18.15338110923767;24.60172128677368
6.047582626342773;11.096746921539307
9.834733009338379;14.354371309280396
13.96841287612915;18.095198154449463
8.369634628295898;12.352267980575562
32.407264709472656;36.13109588623047
15.760425567626953;19.141452312469482
4.47895622253418;12.202785968780518
4.404006242752075;15.626564025878906
4.060431718826294;16.241135835647583
3.56435227394104;16.78920292854309
3.990041494369507;17.23723340034485
9.477055549621582;15.209366798400879
13.722004890441895;18.701197862625122
2.94756817817688;7.51668381690979
7.355799198150635;11.817179441452026
6.727997541427612;10.670069456100464
6.644705772399902;10.29345989227295
8.742633819580078;12.15579605102539
14.36607050895691;21.7890682220459
4.207837343215942;11.134777784347534
6.385537385940552;13.803725004196167
40.54867935180664;46.619364500045776
3.636383295059204;9.365816593170166
13.10601019859314;19.25201988220215
