id_batch;loss;conv;dense;x
123;2.288959503173828;0;1.0;0
127;2.3235831260681152;0;0.0;1
127;2.323373317718506;0;0.5;2
128;2.3475892543792725;0;0.0;3
128;2.3475892543792725;0;0.0;4
128;2.3475892543792725;0;0.0;5
128;2.3475892543792725;0;0.0;6
128;2.3475892543792725;0;0.0;7
128;2.3475892543792725;0;0.0;8
128;2.3475892543792725;0;0.0;9
128;2.305917978286743;0;0.125;10
192;2.285484790802002;0;0.0;11
192;2.285484790802002;0;0.0;12
192;2.285484790802002;0;0.0;13
192;2.285484790802002;0;0.0;14
192;2.285484790802002;0;0.0;15
192;2.282625436782837;0;0.16666666666666666;16
207;2.358275890350342;0;1.0;17
237;3.319350242614746;0;0.0;18
237;3.3138513565063477;0;0.5;19
248;2.782853126525879;0;1.0;20
263;2.694627285003662;0;1.0;21
273;2.5332682132720947;0;1.0;22
276;2.592794418334961;0;0.0;23
276;2.562159776687622;0;0.5;24
292;2.6130247116088867;0;0.0;25
292;2.6130247116088867;0;0.0;26
292;2.6082301139831543;0;0.3333333333333333;27
298;3.036141872406006;0;0.0;28
298;3.036141872406006;0;0.0;29
298;3.036141872406006;0;0.0;30
298;3.0300004482269287;0;0.25;31
