id_batch;loss;conv;dense;x
0;2.306028127670288;None;0.0;0
0;2.306028127670288;0.0;0.0;1
0;2.306028127670288;0.0;0.0;2
0;2.306028127670288;0.0;0.0;3
0;2.30342435836792;0.0;0.3333333333333333;4
3;2.292449951171875;None;0.0;5
3;2.2923200130462646;None;0.5;6
4;2.3271374702453613;None;0.0;7
4;2.3265089988708496;1.0;0.0;8
7;2.3279802799224854;None;1.0;9
8;2.2929775714874268;None;1.0;10
9;2.337646722793579;0.0;None;11
9;2.337646722793579;0.0;0.0;12
9;2.337646722793579;0.0;0.0;13
9;2.337646722793579;0.0;0.0;14
9;2.337646722793579;0.0;0.0;15
10;2.3312885761260986;0.0;None;16
10;2.33083176612854;0.0;1.0;17
11;2.3188657760620117;None;1.0;18
13;2.304271697998047;1.0;None;19
15;2.2969510555267334;None;1.0;20
16;2.310439109802246;0.0;None;21
16;2.310295820236206;0.0;1.0;22
18;2.3379416465759277;None;0.0;23
18;2.3379416465759277;None;0.0;24
18;2.3378922939300537;None;0.3333333333333333;25
21;2.3038411140441895;None;1.0;26
22;2.318970203399658;1.0;None;27
24;2.284745454788208;None;0.0;28
24;2.2844343185424805;None;0.5;29
25;2.3223989009857178;0.0;None;30
25;2.3223989009857178;0.0;None;31
25;2.3223989009857178;0.0;0.0;32
25;2.3223989009857178;0.0;0.0;33
25;2.3195981979370117;0.25;0.0;34
26;2.347633123397827;0.0;None;35
26;2.347633123397827;0.0;0.0;36
26;2.347633123397827;0.0;0.0;37
26;2.347633123397827;0.0;0.0;38
26;2.3376357555389404;0.5;0.0;39
27;2.3079652786254883;0.0;None;40
27;2.3079652786254883;0.0;0.0;41
27;2.3079652786254883;0.0;0.0;42
27;2.3079652786254883;0.0;0.0;43
27;2.3079652786254883;0.0;0.0;44
28;2.2950682640075684;None;0.0;45
28;2.292235851287842;1.0;0.0;46
29;2.259852647781372;1.0;None;47
30;2.336413621902466;None;0.0;48
30;2.336413621902466;0.0;0.0;49
30;2.336413621902466;0.0;0.0;50
30;2.3328049182891846;0.3333333333333333;0.0;51
31;2.2826130390167236;0.0;None;52
31;2.2826130390167236;0.0;0.0;53
31;2.271289825439453;0.5;0.0;54
33;2.3194198608398438;0.0;None;55
33;2.3194198608398438;0.0;0.0;56
33;2.3194198608398438;0.0;0.0;57
33;2.3194198608398438;0.0;0.0;58
33;2.3194198608398438;0.0;0.0;59
35;2.282360315322876;None;1.0;60
36;2.2890994548797607;0.0;None;61
36;2.2890994548797607;0.0;None;62
36;2.2890994548797607;0.0;0.0;63
36;2.288628339767456;0.0;0.5;64
38;2.2997846603393555;None;0.0;65
38;2.2997846603393555;None;0.0;66
38;2.2997846603393555;0.0;0.0;67
38;2.2997846603393555;0.0;0.0;68
38;2.2997846603393555;0.0;0.0;69
40;2.3471200466156006;None;0.0;70
40;2.3471200466156006;0.0;0.0;71
40;2.3471200466156006;0.0;0.0;72
40;2.3471200466156006;0.0;0.0;73
40;2.346842050552368;0.0;0.25;74
41;2.344102621078491;0.0;None;75
41;2.344102621078491;0.0;None;76
41;2.342860221862793;0.0;1.0;77
42;2.3111073970794678;None;1.0;78
43;2.3238117694854736;0.0;None;79
43;2.3238117694854736;0.0;None;80
43;2.321831226348877;0.3333333333333333;None;81
44;2.347641706466675;1.0;None;82
45;2.35774564743042;0.0;None;83
45;2.35774564743042;0.0;0.0;84
45;2.357210397720337;0.0;0.5;85
48;2.386644124984741;1.0;None;86
50;2.3474864959716797;0.0;None;87
50;2.3474864959716797;0.0;None;88
50;2.347109079360962;0.0;1.0;89
51;2.312364339828491;1.0;None;90
57;2.389033794403076;None;0.0;91
57;2.389033794403076;0.0;0.0;92
57;2.389033794403076;0.0;0.0;93
57;2.388014078140259;0.0;0.5;94
61;2.2680459022521973;0.0;None;95
61;2.2680459022521973;0.0;None;96
61;2.2680459022521973;0.0;None;97
61;2.2656843662261963;0.0;1.0;98
63;2.3040311336517334;None;1.0;99
67;2.281322956085205;1.0;None;100
68;2.3355205059051514;0.0;None;101
68;2.3351097106933594;0.0;1.0;102
69;2.343963146209717;0.0;None;103
69;2.337048053741455;0.0;1.0;104
70;2.23987078666687;None;1.0;105
75;2.264817237854004;0.0;None;106
75;2.264817237854004;0.0;0.0;107
75;2.259427070617676;0.0;0.5;108
76;2.324385404586792;0.0;None;109
76;2.324385404586792;0.0;None;110
76;2.324385404586792;0.0;None;111
76;2.3227286338806152;0.25;None;112
77;2.2687976360321045;None;1.0;113
79;2.2652626037597656;None;0.0;114
79;2.2652626037597656;None;0.0;115
79;2.26419734954834;1.0;0.0;116
80;2.3649251461029053;0.0;None;117
80;2.3649251461029053;0.0;None;118
80;2.3649251461029053;0.0;0.0;119
80;2.3648521900177;0.0;0.5;120
81;2.342726707458496;0.0;None;121
81;2.342726707458496;0.0;0.0;122
81;2.342726707458496;0.0;0.0;123
81;2.341705083847046;0.3333333333333333;0.0;124
83;2.3222594261169434;None;0.0;125
83;2.3221654891967773;None;0.5;126
84;2.3583526611328125;None;0.0;127
84;2.3583526611328125;0.0;0.0;128
84;2.3583526611328125;0.0;0.0;129
84;2.3583526611328125;0.0;0.0;130
84;2.3583526611328125;0.0;0.0;131
85;2.336101770401001;1.0;None;132
86;2.264164924621582;1.0;None;133
88;2.302025079727173;None;1.0;134
89;2.336033344268799;None;1.0;135
90;2.2664108276367188;None;1.0;136
92;2.290493965148926;0.0;None;137
92;2.2896006107330322;0.5;None;138
96;2.3179931640625;1.0;None;139
101;2.348879098892212;1.0;None;140
103;2.346249580383301;1.0;None;141
105;2.2801742553710938;None;0.0;142
105;2.2801742553710938;0.0;0.0;143
105;2.2801742553710938;0.0;0.0;144
105;2.2801742553710938;0.0;0.0;145
105;2.2801742553710938;0.0;0.0;146
106;2.3141446113586426;None;1.0;147
110;2.3275249004364014;None;1.0;148
111;2.3098721504211426;None;0.0;149
111;2.3093018531799316;None;0.5;150
115;2.3065264225006104;None;0.0;151
115;2.306300640106201;None;0.5;152
120;2.2959818840026855;None;0.0;153
120;2.2959818840026855;0.0;0.0;154
120;2.2928452491760254;0.5;0.0;155
122;2.2935359477996826;None;1.0;156
123;2.3374133110046387;0.0;None;157
123;2.336498737335205;0.5;None;158
124;2.329660415649414;0.0;None;159
124;2.329660415649414;0.0;0.0;160
124;2.329660415649414;0.0;0.0;161
124;2.329660415649414;0.0;0.0;162
124;2.329660415649414;0.0;0.0;163
127;2.3069794178009033;1.0;None;164
128;2.2915215492248535;1.0;None;165
132;2.348370313644409;0.0;None;166
132;2.342456579208374;0.0;1.0;167
133;2.2659482955932617;0.0;None;168
133;2.2630226612091064;0.0;1.0;169
134;2.3321006298065186;1.0;None;170
137;2.2760322093963623;0.0;None;171
137;2.2760322093963623;0.0;None;172
137;2.2760322093963623;0.0;None;173
137;2.2760322093963623;0.0;0.0;174
137;2.2759995460510254;0.0;0.5;175
138;2.2860374450683594;None;1.0;176
140;2.3077852725982666;0.0;None;177
140;2.306560516357422;0.0;1.0;178
142;2.3142497539520264;1.0;None;179
143;2.321200132369995;None;1.0;180
145;2.3058056831359863;1.0;None;181
151;2.3135945796966553;1.0;None;182
152;2.3285017013549805;0.0;None;183
152;2.3285017013549805;0.0;0.0;184
152;2.3285017013549805;0.0;0.0;185
152;2.32846736907959;0.0;0.3333333333333333;186
154;2.2661585807800293;1.0;None;187
155;2.2920801639556885;None;1.0;188
156;2.283661365509033;1.0;None;189
158;2.2337489128112793;1.0;None;190
159;2.329162120819092;None;1.0;191
160;2.3261618614196777;None;0.0;192
160;2.3261618614196777;None;0.0;193
160;2.3261618614196777;None;0.0;194
160;2.3261618614196777;None;0.0;195
160;2.3261618614196777;0.0;0.0;196
162;2.349205732345581;0.0;None;197
162;2.3348448276519775;0.0;1.0;198
163;2.336444616317749;None;1.0;199
164;2.351526975631714;None;1.0;200
169;2.322768211364746;None;1.0;201
172;2.288660764694214;0.0;None;202
172;2.283590078353882;0.0;1.0;203
176;2.3815667629241943;None;1.0;204
177;2.4802184104919434;1.0;None;205
178;2.4336376190185547;None;1.0;206
179;2.4429261684417725;None;0.0;207
179;2.4397990703582764;None;0.5;208
180;2.3905763626098633;None;0.0;209
180;2.3905763626098633;None;0.0;210
180;2.3905763626098633;0.0;0.0;211
180;2.3905763626098633;0.0;0.0;212
180;2.3790316581726074;0.5;0.0;213
183;2.4410457611083984;None;0.0;214
183;2.4410457611083984;0.0;0.0;215
183;2.4410457611083984;0.0;0.0;216
183;2.4410457611083984;0.0;0.0;217
183;2.4410457611083984;0.0;0.0;218
187;2.2884867191314697;0.0;None;219
187;2.286825656890869;0.0;1.0;220
189;2.4289166927337646;0.0;None;221
189;2.4289166927337646;0.0;None;222
189;2.425555467605591;0.0;1.0;223
191;2.442566156387329;None;0.0;224
191;2.441197395324707;None;0.5;225
192;2.470924139022827;0.0;None;226
192;2.470924139022827;0.0;None;227
192;2.4686248302459717;0.3333333333333333;None;228
193;2.394426107406616;0.0;None;229
193;2.3916983604431152;0.5;None;230
199;2.3513343334198;None;1.0;231
200;2.362330675125122;0.0;None;232
200;2.362330675125122;0.0;0.0;233
200;2.3591976165771484;0.5;0.0;234
201;2.3252320289611816;None;0.0;235
201;2.3252320289611816;0.0;0.0;236
201;2.3252320289611816;0.0;0.0;237
201;2.321882963180542;0.5;0.0;238
206;2.4260506629943848;None;1.0;239
207;2.399630308151245;1.0;None;240
208;2.4894981384277344;1.0;None;241
210;2.428675651550293;0.0;None;242
210;2.428675651550293;0.0;0.0;243
210;2.424858331680298;0.0;0.5;244
211;2.396390199661255;None;1.0;245
212;2.339486598968506;None;1.0;246
213;2.5194759368896484;1.0;None;247
217;2.429074287414551;0.0;None;248
217;2.429074287414551;0.0;None;249
217;2.429074287414551;0.0;0.0;250
217;2.427908182144165;0.0;0.5;251
219;2.273705244064331;None;1.0;252
222;2.4329354763031006;0.0;None;253
222;2.4298393726348877;0.0;1.0;254
226;2.500934600830078;0.0;None;255
226;2.500433921813965;0.0;1.0;256
227;2.454237699508667;None;0.0;257
227;2.454237699508667;0.0;0.0;258
227;2.4457814693450928;0.5;0.0;259
229;2.4514291286468506;0.0;None;260
229;2.4499332904815674;0.5;None;261
230;2.3175086975097656;0.0;None;262
230;2.3175086975097656;0.0;None;263
230;2.315070867538452;0.0;1.0;264
231;2.4122986793518066;None;1.0;265
232;2.3827362060546875;0.0;None;266
232;2.3827362060546875;0.0;None;267
232;2.3827362060546875;0.0;None;268
232;2.3827362060546875;0.0;0.0;269
232;2.3827362060546875;0.0;0.0;270
234;2.3790760040283203;0.0;None;271
234;2.378892660140991;0.0;1.0;272
235;2.4520936012268066;1.0;None;273
237;2.6290619373321533;1.0;None;274
239;2.439626932144165;0.0;None;275
239;2.439626932144165;0.0;0.0;276
239;2.439626932144165;0.0;0.0;277
239;2.4383370876312256;0.0;0.5;278
241;3.207335948944092;1.0;None;279
242;3.0265722274780273;None;1.0;280
244;2.6668946743011475;None;0.0;281
244;2.6668946743011475;None;0.0;282
244;2.6668946743011475;0.0;0.0;283
244;2.666332483291626;0.0;0.3333333333333333;284
245;2.7727861404418945;1.0;None;285
246;3.1040749549865723;None;0.0;286
246;3.1040749549865723;0.0;0.0;287
246;3.1040749549865723;0.0;0.0;288
246;3.1040749549865723;0.0;0.0;289
246;3.100493907928467;0.0;0.25;290
248;2.856321334838867;0.0;None;291
248;2.852047920227051;0.5;None;292
249;3.045142650604248;0.0;None;293
249;3.045142650604248;0.0;0.0;294
249;3.029649496078491;0.0;0.5;295
250;3.109034538269043;None;1.0;296
252;2.9534807205200195;None;1.0;297
257;2.707503080368042;None;1.0;298
261;2.9488635063171387;None;0.0;299
261;2.9488635063171387;0.0;0.0;300
261;2.9488635063171387;0.0;0.0;301
261;2.9488635063171387;0.0;0.0;302
261;2.9488635063171387;0.0;0.0;303
263;2.8653628826141357;1.0;None;304
264;2.969038724899292;None;1.0;305
268;2.7774453163146973;0.0;None;306
268;2.7774453163146973;0.0;None;307
268;2.7774453163146973;0.0;None;308
268;2.7774453163146973;0.0;0.0;309
268;2.768326997756958;0.25;0.0;310
269;2.7020068168640137;1.0;None;311
272;2.891282081604004;1.0;None;312
273;2.8299083709716797;1.0;None;313
276;2.7359673976898193;None;0.0;314
276;2.7359673976898193;None;0.0;315
276;2.716379165649414;1.0;0.0;316
281;2.6586222648620605;None;1.0;317
286;2.905064582824707;0.0;None;318
286;2.905064582824707;0.0;0.0;319
286;2.8963539600372314;0.5;0.0;320
287;2.923123836517334;0.0;None;321
287;2.913212776184082;0.0;1.0;322
288;3.1773438453674316;0.0;None;323
288;3.1773438453674316;0.0;0.0;324
288;3.1751482486724854;0.5;0.0;325
289;2.8356921672821045;0.0;None;326
289;2.8356921672821045;0.0;0.0;327
289;2.834305763244629;0.0;0.5;328
291;3.0814874172210693;None;1.0;329
292;2.5187840461730957;None;0.0;330
292;2.5187840461730957;0.0;0.0;331
292;2.507835865020752;0.5;0.0;332
294;2.7984139919281006;0.0;None;333
294;2.7603182792663574;0.5;None;334
296;2.961204767227173;0.0;None;335
296;2.961204767227173;0.0;None;336
296;2.961204767227173;0.0;0.0;337
296;2.961204767227173;0.0;0.0;338
296;2.958470344543457;0.0;0.3333333333333333;339
298;2.7232470512390137;None;0.0;340
298;2.4640378952026367;1.0;0.0;341
302;2.433871269226074;0.0;None;342
302;2.432412624359131;0.0;1.0;343
304;2.63274884223938;None;0.0;344
304;2.63274884223938;0.0;0.0;345
304;2.630852699279785;0.5;0.0;346
305;2.80349063873291;0.0;None;347
305;2.801290512084961;0.5;None;348
306;2.702709674835205;0.0;None;349
306;2.6983284950256348;0.5;None;350
308;2.6733334064483643;0.0;None;351
308;2.6691665649414062;0.0;1.0;352
311;2.7363104820251465;0.0;None;353
311;2.733457565307617;0.0;1.0;354
312;2.5436501502990723;None;0.0;355
312;2.536545991897583;1.0;0.0;356
316;2.399290084838867;0.0;None;357
316;2.391817092895508;0.5;None;358
319;2.53200101852417;None;1.0;359
320;2.6144168376922607;0.0;None;360
320;2.606980562210083;0.5;None;361
325;2.727526903152466;0.0;None;362
325;2.7229087352752686;0.0;1.0;363
326;2.61306095123291;None;1.0;364
329;2.697171211242676;0.0;None;365
329;2.697171211242676;0.0;None;366
329;2.697171211242676;0.0;0.0;367
329;2.697171211242676;0.0;0.0;368
329;2.697171211242676;0.0;0.0;369
329;2.6620824337005615;0.0;0.3333333333333333;370
330;2.7910451889038086;None;0.0;371
330;2.7910451889038086;0.0;0.0;372
330;2.788217306137085;0.0;0.5;373
334;2.6863420009613037;None;1.0;374
336;2.6115636825561523;None;0.0;375
336;2.6106700897216797;None;0.5;376
337;2.566809892654419;0.0;None;377
337;2.564694881439209;0.0;1.0;378
338;2.5873758792877197;None;0.0;379
338;2.584651470184326;1.0;0.0;380
339;2.4418699741363525;1.0;None;381
341;2.642453670501709;0.0;None;382
341;2.6405322551727295;0.0;1.0;383
342;2.635826349258423;0.0;None;384
342;2.635826349258423;0.0;0.0;385
342;2.635826349258423;0.0;0.0;386
342;2.635826349258423;0.0;0.0;387
342;2.635826349258423;0.0;0.0;388
343;2.7547285556793213;0.0;None;389
343;2.7547285556793213;0.0;None;390
343;2.7547285556793213;0.0;None;391
343;2.748073101043701;0.25;None;392
344;2.7979576587677;None;1.0;393
345;2.545897960662842;None;1.0;394
