lecture;envoie
20.22623300552368;22.038145303726196
4.541646242141724;26.04445219039917
3.9363415241241455;31.035228490829468
4.00304102897644;34.701443672180176
3.4483447074890137;39.34904623031616
3.2987968921661377;43.08511185646057
3.5267608165740967;46.88062381744385
2.7550768852233887;50.712236166000366
2.3924009799957275;52.7907612323761
2.5290892124176025;55.094229221343994
6.0461647510528564;62.45035409927368
4.283233880996704;67.35474753379822
4.525370121002197;72.20285224914551
3.691211223602295;76.45070791244507
3.874110221862793;80.93999218940735
3.294851303100586;85.4817419052124
3.6793875694274902;89.44834661483765
3.4619882106781006;94.17066788673401
2.8663718700408936;98.05058550834656
2.510200262069702;101.40725183486938
6.515749931335449;107.64493727684021
4.980342626571655;113.51695156097412
4.490058660507202;116.65503573417664
4.168771266937256;120.51414036750793
3.4778940677642822;124.89182138442993
3.554539918899536;128.61869072914124
3.3741588592529297;52.67275786399841
3.245170831680298;57.24555253982544
2.7655248641967773;59.845869064331055
2.367683172225952;62.765235900878906
2.7247631549835205;66.64343810081482
6.373711109161377;73.4213035106659
4.277398586273193;77.89518356323242
4.157885551452637;82.30767607688904
4.020687818527222;87.37010049819946
3.5803654193878174;89.21180534362793
3.5325746536254883;91.93180060386658
3.3796005249023438;96.11417412757874
2.687415838241577;97.85193920135498
2.8009033203125;101.67085528373718
2.2884178161621094;104.997567653656
6.2708940505981445;112.56481742858887
4.276325225830078;112.06526565551758
4.225572347640991;116.81707119941711
4.6213531494140625;122.59403896331787
3.356834650039673;126.4411301612854
3.7933270931243896;50.63328504562378
3.296740770339966;55.11114835739136
3.479884386062622;58.24611449241638
2.4360721111297607;61.71255850791931
2.8004379272460938;65.56971263885498
6.768333435058594;73.59398293495178
4.664806604385376;78.97271513938904
3.959906816482544;83.98532104492188
3.69211483001709;88.50480008125305
3.4977200031280518;92.62194180488586
3.8158774375915527;94.13025403022766
3.442263603210449;96.16383361816406
3.167487621307373;98.92432737350464
2.89355206489563;102.16909503936768
2.744232177734375;105.93238115310669
2.048105001449585;106.68964505195618
6.223649978637695;113.50799679756165
4.257042407989502;117.13135385513306
4.081862926483154;119.11536264419556
4.2768707275390625;122.89416193962097
3.3357608318328857;127.43407225608826
3.6106626987457275;51.790624141693115
3.376540184020996;55.302695751190186
3.038335084915161;59.61881971359253
2.7072200775146484;60.880940437316895
2.238182544708252;64.38063454627991
6.212676525115967;71.38554644584656
4.660125494003296;75.17775321006775
4.4028050899505615;80.8494598865509
3.6679556369781494;84.47594571113586
3.6566102504730225;88.60919737815857
3.661886215209961;92.9291160106659
2.98793363571167;96.32968378067017
3.0491087436676025;97.35715436935425
2.7923178672790527;101.4320604801178
2.4221348762512207;104.20768117904663
6.531856060028076;111.98674082756042
4.336550712585449;116.41956210136414
4.287794589996338;121.05083060264587
4.079849720001221;126.27690076828003
3.5449233055114746;131.03752899169922
3.6568503379821777;55.21370553970337
3.1258885860443115;59.31606674194336
2.7016255855560303;63.27619409561157
2.551781177520752;64.01701283454895
2.268993377685547;66.42094302177429
6.542274713516235;71.77412176132202
4.272442817687988;76.86443853378296
4.39092230796814;81.3519504070282
3.83325457572937;86.1766767501831
3.8891398906707764;91.01159167289734
4.040374279022217;93.85497236251831
3.5462465286254883;95.02195429801941
3.0024943351745605;98.13981866836548
2.7894458770751953;101.61626720428467
2.4855904579162598;104.96076440811157
2.6185004711151123;108.67542910575867
6.552522897720337;114.22966504096985
4.253791570663452;119.75166368484497
4.5928754806518555;125.41516971588135
4.385340213775635;127.57490992546082
3.7046449184417725;132.03054642677307
3.6293952465057373;55.99060583114624
3.3402798175811768;60.09683084487915
3.0164341926574707;64.23257493972778
2.511197090148926;67.27789735794067
2.1773264408111572;70.01165986061096
6.596067905426025;76.60189008712769
4.578209161758423;81.85425877571106
4.078700065612793;86.54465317726135
4.048206329345703;89.93311095237732
3.775554895401001;93.50876426696777
4.0116260051727295;97.41376948356628
3.604109287261963;102.14448809623718
3.0972509384155273;106.46153235435486
2.6073076725006104;110.20216655731201
2.891991138458252;113.2055995464325
2.170118570327759;116.35826420783997
6.310257911682129;123.55510377883911
4.511933088302612;128.87124347686768
4.232128143310547;53.22123146057129
4.012832403182983;58.27890491485596
3.5224051475524902;62.669930934906006
3.492128849029541;67.26303672790527
3.5747835636138916;71.90840983390808
3.053187131881714;75.15737652778625
2.9891622066497803;79.42930793762207
2.6549324989318848;83.222811460495
6.556162118911743;89.3277850151062
4.501011371612549;92.45267295837402
4.358151197433472;96.47586178779602
4.257185220718384;101.01236009597778
4.025586128234863;106.1592812538147
3.3136420249938965;109.1185896396637
4.06369161605835;113.88586688041687
3.4307973384857178;115.95911026000977
2.9612693786621094;120.21174478530884
2.788820266723633;122.74955868721008
2.582692861557007;123.8374445438385
6.292066335678101;127.60696125030518
4.794970273971558;51.26970887184143
4.348358869552612;56.64037251472473
4.26070761680603;62.16073298454285
3.7437212467193604;66.28961777687073
3.3037238121032715;70.42803716659546
3.7855496406555176;74.60424470901489
3.570913314819336;77.91783547401428
3.0399324893951416;81.61980628967285
2.849560499191284;82.81718230247498
2.212153196334839;85.37616300582886
6.722608804702759;93.38646841049194
4.701495170593262;97.61616015434265
4.550955057144165;102.69579863548279
3.8309688568115234;105.62294745445251
3.72129225730896;110.56949996948242
3.679649591445923;113.68580317497253
3.5801279544830322;116.6801266670227
2.727800130844116;120.75234794616699
3.059803009033203;123.40785121917725
2.3520400524139404;126.33056735992432
2.0890676975250244;47.629743814468384
6.74350380897522;55.03367829322815
4.541681289672852;59.14909744262695
3.951040029525757;63.515541553497314
3.790897846221924;68.56215238571167
3.715465545654297;73.53599691390991
3.6469597816467285;78.445974111557
3.4296345710754395;82.79247283935547
2.974534273147583;86.46776270866394
3.5447194576263428;91.19682955741882
3.110478639602661;95.58945536613464
2.1324501037597656;98.72760033607483
